0 457 175 1 NULL                                                                                    
1                                                                                                   
1 419 241 3 n                                                                                       
3                                                                                                   
3 535 328 6 m=0                                                                                     
4                                                                                                   
4 402 398 6 d=2                                                                                     
6                                                                                                   
6 542 521 5 d<n                                                                                     
13 7                                                                                                
7 298 621 5 n%d==0                                                                                  
10 8                                                                                                
8 190 707 6 m=m+1                                                                                   
10                                                                                                  
10 479 759 6 d=d+1                                                                                  
6                                                                                                   
13 843 653 5 m==0                                                                                   
15 14                                                                                               
14 755 718 4 1                                                                                      
16                                                                                                  
15 948 714 4 0                                                                                      
16                                                                                                  
16 846 792 2 NULL                                                                                   
NULL                                                                                                
